innings,match_balls,inn_balls,bat_team,team_wkts,team_score,team_lead,batter,bowler,bat_position,bat_score,bat_balls,bat_avg,career_bat_balls,bat_sr,bat_arm,bowl_balls,bowl_runs,bowl_wkts,career_bowl_balls,bowl_avg,bowl_sr,bowl_type,outcome,host_country,bowl_class,bat_win_toss,seam_factor,spin_factor
1,191,191,IND,2,116,116,SR Tendulkar,GB Hogg,4,16,30,55.57,NA,NA,Right-hand bat,1,1,0,1524,54.88,89.6,lc,0,AUS,spin,yes,39.11934156378601,13.039780521262003
1,192,192,IND,2,116,116,SR Tendulkar,GB Hogg,4,16,31,55.57,NA,NA,Right-hand bat,2,1,0,1524,54.88,89.6,lc,3,AUS,spin,yes,39.11934156378601,13.039780521262003
1,194,194,IND,2,120,120,SR Tendulkar,GB Hogg,4,19,32,55.57,NA,NA,Right-hand bat,4,5,0,1524,54.88,89.6,lc,0,AUS,spin,yes,39.11934156378601,13.039780521262003
1,195,195,IND,2,120,120,SR Tendulkar,GB Hogg,4,19,33,55.57,NA,NA,Right-hand bat,5,5,0,1524,54.88,89.6,lc,0,AUS,spin,yes,39.11934156378601,13.039780521262003
1,202,202,IND,3,122,122,SR Tendulkar,GB Hogg,4,19,34,55.57,NA,NA,Right-hand bat,6,5,0,1524,54.88,89.6,lc,1,AUS,spin,yes,39.11934156378601,13.039780521262003
1,204,204,IND,3,124,124,SR Tendulkar,GB Hogg,4,20,35,55.57,NA,NA,Right-hand bat,8,7,0,1524,54.88,89.6,lc,0,AUS,spin,yes,39.11934156378601,13.039780521262003
1,205,205,IND,3,124,124,SR Tendulkar,GB Hogg,4,20,36,55.57,NA,NA,Right-hand bat,9,7,0,1524,54.88,89.6,lc,0,AUS,spin,yes,39.11934156378601,13.039780521262003
1,206,206,IND,3,124,124,SR Tendulkar,GB Hogg,4,20,37,55.57,NA,NA,Right-hand bat,10,7,0,1524,54.88,89.6,lc,0,AUS,spin,yes,39.11934156378601,13.039780521262003
1,207,207,IND,3,124,124,SR Tendulkar,GB Hogg,4,20,38,55.57,NA,NA,Right-hand bat,11,7,0,1524,54.88,89.6,lc,0,AUS,spin,yes,39.11934156378601,13.039780521262003
1,215,215,IND,3,130,130,SR Tendulkar,GB Hogg,4,24,41,55.57,NA,NA,Right-hand bat,13,8,0,1524,54.88,89.6,lc,1,AUS,spin,yes,39.11934156378601,13.039780521262003
1,228,228,IND,3,135,135,SR Tendulkar,GB Hogg,4,25,49,55.57,NA,NA,Right-hand bat,19,9,0,1524,54.88,89.6,lc,1,AUS,spin,yes,39.11934156378601,13.039780521262003
1,230,230,IND,3,137,137,SR Tendulkar,GB Hogg,4,26,50,55.57,NA,NA,Right-hand bat,21,10,0,1524,54.88,89.6,lc,2,AUS,spin,yes,39.11934156378601,13.039780521262003
1,231,231,IND,3,139,139,SR Tendulkar,GB Hogg,4,28,51,55.57,NA,NA,Right-hand bat,22,12,0,1524,54.88,89.6,lc,6,AUS,spin,yes,39.11934156378601,13.039780521262003
1,232,232,IND,3,145,145,SR Tendulkar,GB Hogg,4,34,52,55.57,NA,NA,Right-hand bat,23,18,0,1524,54.88,89.6,lc,0,AUS,spin,yes,39.11934156378601,13.039780521262003
1,239,239,IND,3,149,149,SR Tendulkar,GB Hogg,4,34,53,55.57,NA,NA,Right-hand bat,24,18,0,1524,54.88,89.6,lc,2,AUS,spin,yes,39.11934156378601,13.039780521262003
1,240,240,IND,3,151,151,SR Tendulkar,GB Hogg,4,36,54,55.57,NA,NA,Right-hand bat,25,20,0,1524,54.88,89.6,lc,2,AUS,spin,yes,39.11934156378601,13.039780521262003
1,241,241,IND,3,153,153,SR Tendulkar,GB Hogg,4,38,55,55.57,NA,NA,Right-hand bat,26,22,0,1524,54.88,89.6,lc,0,AUS,spin,yes,39.11934156378601,13.039780521262003
1,242,242,IND,3,153,153,SR Tendulkar,GB Hogg,4,38,56,55.57,NA,NA,Right-hand bat,27,22,0,1524,54.88,89.6,lc,0,AUS,spin,yes,39.11934156378601,13.039780521262003
1,243,243,IND,3,153,153,SR Tendulkar,GB Hogg,4,38,57,55.57,NA,NA,Right-hand bat,28,22,0,1524,54.88,89.6,lc,0,AUS,spin,yes,39.11934156378601,13.039780521262003
1,244,244,IND,3,153,153,SR Tendulkar,GB Hogg,4,38,58,55.57,NA,NA,Right-hand bat,29,22,0,1524,54.88,89.6,lc,0,AUS,spin,yes,39.11934156378601,13.039780521262003
1,251,251,IND,3,153,153,SR Tendulkar,GB Hogg,4,38,59,55.57,NA,NA,Right-hand bat,30,22,0,1524,54.88,89.6,lc,2,AUS,spin,yes,39.11934156378601,13.039780521262003
1,252,252,IND,3,155,155,SR Tendulkar,GB Hogg,4,40,60,55.57,NA,NA,Right-hand bat,31,24,0,1524,54.88,89.6,lc,1b,AUS,spin,yes,39.11934156378601,13.039780521262003
1,263,263,IND,4,161,161,SR Tendulkar,GB Hogg,4,41,62,55.57,NA,NA,Right-hand bat,36,24,1,1524,54.88,89.6,lc,0,AUS,spin,yes,39.11934156378601,13.039780521262003
1,264,264,IND,4,161,161,SR Tendulkar,GB Hogg,4,41,63,55.57,NA,NA,Right-hand bat,37,24,1,1524,54.88,89.6,lc,0,AUS,spin,yes,39.11934156378601,13.039780521262003
1,265,265,IND,4,161,161,SR Tendulkar,GB Hogg,4,41,64,55.57,NA,NA,Right-hand bat,38,24,1,1524,54.88,89.6,lc,0,AUS,spin,yes,39.11934156378601,13.039780521262003
1,266,266,IND,4,161,161,SR Tendulkar,GB Hogg,4,41,65,55.57,NA,NA,Right-hand bat,39,24,1,1524,54.88,89.6,lc,0,AUS,spin,yes,39.11934156378601,13.039780521262003
1,267,267,IND,4,161,161,SR Tendulkar,GB Hogg,4,41,66,55.57,NA,NA,Right-hand bat,40,24,1,1524,54.88,89.6,lc,1,AUS,spin,yes,39.11934156378601,13.039780521262003
1,275,275,IND,4,171,171,SR Tendulkar,GB Hogg,4,46,71,55.57,NA,NA,Right-hand bat,42,25,1,1524,54.88,89.6,lc,2,AUS,spin,yes,39.11934156378601,13.039780521262003
1,276,276,IND,4,173,173,SR Tendulkar,GB Hogg,4,48,72,55.57,NA,NA,Right-hand bat,43,27,1,1524,54.88,89.6,lc,0,AUS,spin,yes,39.11934156378601,13.039780521262003
1,277,277,IND,4,173,173,SR Tendulkar,GB Hogg,4,48,73,55.57,NA,NA,Right-hand bat,44,27,1,1524,54.88,89.6,lc,0,AUS,spin,yes,39.11934156378601,13.039780521262003
1,278,278,IND,4,173,173,SR Tendulkar,GB Hogg,4,48,74,55.57,NA,NA,Right-hand bat,45,27,1,1524,54.88,89.6,lc,1,AUS,spin,yes,39.11934156378601,13.039780521262003
1,280,280,IND,4,175,175,SR Tendulkar,GB Hogg,4,49,75,55.57,NA,NA,Right-hand bat,47,29,1,1524,54.88,89.6,lc,0,AUS,spin,yes,39.11934156378601,13.039780521262003
1,291,291,IND,4,179,179,SR Tendulkar,GB Hogg,4,50,77,55.57,NA,NA,Right-hand bat,52,30,1,1524,54.88,89.6,lc,2,AUS,spin,yes,39.11934156378601,13.039780521262003
1,292,292,IND,4,181,181,SR Tendulkar,GB Hogg,4,52,78,55.57,NA,NA,Right-hand bat,53,32,1,1524,54.88,89.6,lc,0,AUS,spin,yes,39.11934156378601,13.039780521262003
1,323,323,IND,4,187,187,SR Tendulkar,GB Hogg,4,55,89,55.57,NA,NA,Right-hand bat,66,32,1,1524,54.88,89.6,lc,0,AUS,spin,yes,39.11934156378601,13.039780521262003
1,324,324,IND,4,187,187,SR Tendulkar,GB Hogg,4,55,90,55.57,NA,NA,Right-hand bat,67,32,1,1524,54.88,89.6,lc,0,AUS,spin,yes,39.11934156378601,13.039780521262003
1,325,325,IND,4,187,187,SR Tendulkar,GB Hogg,4,55,91,55.57,NA,NA,Right-hand bat,68,32,1,1524,54.88,89.6,lc,1,AUS,spin,yes,39.11934156378601,13.039780521262003
1,327,327,IND,4,189,189,SR Tendulkar,GB Hogg,4,56,92,55.57,NA,NA,Right-hand bat,70,34,1,1524,54.88,89.6,lc,0,AUS,spin,yes,39.11934156378601,13.039780521262003
1,328,328,IND,4,189,189,SR Tendulkar,GB Hogg,4,56,93,55.57,NA,NA,Right-hand bat,71,34,1,1524,54.88,89.6,lc,1,AUS,spin,yes,39.11934156378601,13.039780521262003
1,339,339,IND,4,195,195,SR Tendulkar,GB Hogg,4,58,95,55.57,NA,NA,Right-hand bat,76,36,1,1524,54.88,89.6,lc,2,AUS,spin,yes,39.11934156378601,13.039780521262003
1,340,340,IND,4,197,197,SR Tendulkar,GB Hogg,4,60,96,55.57,NA,NA,Right-hand bat,77,38,1,1524,54.88,89.6,lc,4,AUS,spin,yes,39.11934156378601,13.039780521262003
1,347,347,IND,4,201,201,SR Tendulkar,GB Hogg,4,64,97,55.57,NA,NA,Right-hand bat,78,42,1,1524,54.88,89.6,lc,1,AUS,spin,yes,39.11934156378601,13.039780521262003
1,377,377,IND,4,218,218,SR Tendulkar,GB Hogg,4,74,113,55.57,NA,NA,Right-hand bat,84,43,1,1524,54.88,89.6,lc,3,AUS,spin,yes,39.11934156378601,13.039780521262003
1,381,381,IND,4,226,226,SR Tendulkar,GB Hogg,4,77,114,55.57,NA,NA,Right-hand bat,88,51,1,1524,54.88,89.6,lc,6,AUS,spin,yes,39.11934156378601,13.039780521262003
1,382,382,IND,4,232,232,SR Tendulkar,GB Hogg,4,83,115,55.57,NA,NA,Right-hand bat,89,57,1,1524,54.88,89.6,lc,4,AUS,spin,yes,39.11934156378601,13.039780521262003
1,427,427,IND,4,266,266,SR Tendulkar,GB Hogg,4,105,138,55.57,NA,NA,Right-hand bat,90,61,1,1524,54.88,89.6,lc,1,AUS,spin,yes,39.11934156378601,13.039780521262003
1,440,440,IND,4,278,278,SR Tendulkar,GB Hogg,4,108,145,55.57,NA,NA,Right-hand bat,97,71,1,1524,54.88,89.6,lc,0,AUS,spin,yes,39.11934156378601,13.039780521262003
1,441,441,IND,4,278,278,SR Tendulkar,GB Hogg,4,108,146,55.57,NA,NA,Right-hand bat,98,71,1,1524,54.88,89.6,lc,0,AUS,spin,yes,39.11934156378601,13.039780521262003
1,442,442,IND,4,278,278,SR Tendulkar,GB Hogg,4,108,147,55.57,NA,NA,Right-hand bat,99,71,1,1524,54.88,89.6,lc,0,AUS,spin,yes,39.11934156378601,13.039780521262003
1,443,443,IND,4,278,278,SR Tendulkar,GB Hogg,4,108,148,55.57,NA,NA,Right-hand bat,100,71,1,1524,54.88,89.6,lc,2,AUS,spin,yes,39.11934156378601,13.039780521262003
1,444,444,IND,4,280,280,SR Tendulkar,GB Hogg,4,110,149,55.57,NA,NA,Right-hand bat,101,73,1,1524,54.88,89.6,lc,2,AUS,spin,yes,39.11934156378601,13.039780521262003
1,451,451,IND,5,282,282,SR Tendulkar,GB Hogg,4,112,150,55.57,NA,NA,Right-hand bat,102,75,1,1524,54.88,89.6,lc,1,AUS,spin,yes,39.11934156378601,13.039780521262003
1,454,454,IND,5,284,284,SR Tendulkar,GB Hogg,4,113,151,55.57,NA,NA,Right-hand bat,105,77,1,1524,54.88,89.6,lc,3b,AUS,spin,yes,39.11934156378601,13.039780521262003
