innings,match_balls,inn_balls,bat_team,team_wkts,team_score,team_lead,batter,bowler,bat_position,bat_score,bat_balls,bat_avg,career_bat_balls,bat_sr,bat_arm,bowl_balls,bowl_runs,bowl_wkts,career_bowl_balls,bowl_avg,bowl_sr,bowl_type,outcome,host_country,bowl_class,bat_win_toss,seam_factor,spin_factor
2,925,6,IND,0,4,-536,V Sehwag,M Ntini,2,0,0,53.48,6234,76.35,Right-hand bat,0,0,0,17592.5,28.09,52.2,rf,0,IND,seam,no,19.174400000000002,40.745599999999996
2,926,7,IND,0,4,-536,V Sehwag,M Ntini,2,0,1,53.48,6234,76.35,Right-hand bat,1,0,0,17592.5,28.09,52.2,rf,0,IND,seam,no,19.174400000000002,40.745599999999996
2,927,8,IND,0,4,-536,V Sehwag,M Ntini,2,0,2,53.48,6234,76.35,Right-hand bat,2,0,0,17592.5,28.09,52.2,rf,0,IND,seam,no,19.174400000000002,40.745599999999996
2,928,9,IND,0,4,-536,V Sehwag,M Ntini,2,0,3,53.48,6234,76.35,Right-hand bat,3,0,0,17592.5,28.09,52.2,rf,0,IND,seam,no,19.174400000000002,40.745599999999996
2,929,10,IND,0,4,-536,V Sehwag,M Ntini,2,0,4,53.48,6234,76.35,Right-hand bat,4,0,0,17592.5,28.09,52.2,rf,4,IND,seam,no,19.174400000000002,40.745599999999996
2,930,11,IND,0,8,-532,V Sehwag,M Ntini,2,4,5,53.48,6234,76.35,Right-hand bat,5,4,0,17592.5,28.09,52.2,rf,6,IND,seam,no,19.174400000000002,40.745599999999996
2,937,18,IND,0,20,-520,V Sehwag,M Ntini,2,10,6,53.48,6234,76.35,Right-hand bat,6,10,0,17592.5,28.09,52.2,rf,0,IND,seam,no,19.174400000000002,40.745599999999996
2,938,19,IND,0,20,-520,V Sehwag,M Ntini,2,10,7,53.48,6234,76.35,Right-hand bat,7,10,0,17592.5,28.09,52.2,rf,0,IND,seam,no,19.174400000000002,40.745599999999996
2,939,20,IND,0,20,-520,V Sehwag,M Ntini,2,10,8,53.48,6234,76.35,Right-hand bat,8,10,0,17592.5,28.09,52.2,rf,2,IND,seam,no,19.174400000000002,40.745599999999996
2,940,21,IND,0,22,-518,V Sehwag,M Ntini,2,12,9,53.48,6234,76.35,Right-hand bat,9,12,0,17592.5,28.09,52.2,rf,0,IND,seam,no,19.174400000000002,40.745599999999996
2,941,22,IND,0,22,-518,V Sehwag,M Ntini,2,12,10,53.48,6234,76.35,Right-hand bat,10,12,0,17592.5,28.09,52.2,rf,0,IND,seam,no,19.174400000000002,40.745599999999996
2,942,23,IND,0,22,-518,V Sehwag,M Ntini,2,12,11,53.48,6234,76.35,Right-hand bat,11,12,0,17592.5,28.09,52.2,rf,0,IND,seam,no,19.174400000000002,40.745599999999996
2,973,54,IND,0,44,-496,V Sehwag,M Ntini,2,21,20,53.48,6234,76.35,Right-hand bat,24,18,0,17592.5,28.09,52.2,rf,0,IND,seam,no,19.174400000000002,40.745599999999996
2,974,55,IND,0,44,-496,V Sehwag,M Ntini,2,21,21,53.48,6234,76.35,Right-hand bat,25,18,0,17592.5,28.09,52.2,rf,0,IND,seam,no,19.174400000000002,40.745599999999996
2,975,56,IND,0,44,-496,V Sehwag,M Ntini,2,21,22,53.48,6234,76.35,Right-hand bat,26,18,0,17592.5,28.09,52.2,rf,0,IND,seam,no,19.174400000000002,40.745599999999996
2,976,57,IND,0,44,-496,V Sehwag,M Ntini,2,21,23,53.48,6234,76.35,Right-hand bat,27,18,0,17592.5,28.09,52.2,rf,2,IND,seam,no,19.174400000000002,40.745599999999996
2,977,58,IND,0,46,-494,V Sehwag,M Ntini,2,23,24,53.48,6234,76.35,Right-hand bat,28,20,0,17592.5,28.09,52.2,rf,0,IND,seam,no,19.174400000000002,40.745599999999996
2,978,59,IND,0,46,-494,V Sehwag,M Ntini,2,23,25,53.48,6234,76.35,Right-hand bat,29,20,0,17592.5,28.09,52.2,rf,1,IND,seam,no,19.174400000000002,40.745599999999996
2,997,78,IND,0,50,-490,V Sehwag,M Ntini,2,25,33,53.48,6234,76.35,Right-hand bat,36,23,0,17592.5,28.09,52.2,rf,0,IND,seam,no,19.174400000000002,40.745599999999996
2,998,79,IND,0,50,-490,V Sehwag,M Ntini,2,25,34,53.48,6234,76.35,Right-hand bat,37,23,0,17592.5,28.09,52.2,rf,2,IND,seam,no,19.174400000000002,40.745599999999996
2,999,80,IND,0,52,-488,V Sehwag,M Ntini,2,27,35,53.48,6234,76.35,Right-hand bat,38,25,0,17592.5,28.09,52.2,rf,0,IND,seam,no,19.174400000000002,40.745599999999996
2,1000,81,IND,0,52,-488,V Sehwag,M Ntini,2,27,36,53.48,6234,76.35,Right-hand bat,39,25,0,17592.5,28.09,52.2,rf,0,IND,seam,no,19.174400000000002,40.745599999999996
2,1001,82,IND,0,52,-488,V Sehwag,M Ntini,2,27,37,53.48,6234,76.35,Right-hand bat,40,25,0,17592.5,28.09,52.2,rf,1,IND,seam,no,19.174400000000002,40.745599999999996
2,1045,126,IND,0,82,-458,V Sehwag,M Ntini,2,52,61,53.48,6234,76.35,Right-hand bat,42,26,0,17592.5,28.09,52.2,rf,1,IND,seam,no,19.174400000000002,40.745599999999996
2,1057,138,IND,0,92,-448,V Sehwag,M Ntini,2,54,65,53.48,6234,76.35,Right-hand bat,48,35,0,17592.5,28.09,52.2,rf,1,IND,seam,no,19.174400000000002,40.745599999999996
2,1059,140,IND,0,94,-446,V Sehwag,M Ntini,2,55,66,53.48,6234,76.35,Right-hand bat,50,37,0,17592.5,28.09,52.2,rf,0,IND,seam,no,19.174400000000002,40.745599999999996
2,1060,141,IND,0,94,-446,V Sehwag,M Ntini,2,55,67,53.48,6234,76.35,Right-hand bat,51,37,0,17592.5,28.09,52.2,rf,4,IND,seam,no,19.174400000000002,40.745599999999996
2,1061,142,IND,0,98,-442,V Sehwag,M Ntini,2,59,68,53.48,6234,76.35,Right-hand bat,52,41,0,17592.5,28.09,52.2,rf,0,IND,seam,no,19.174400000000002,40.745599999999996
2,1062,143,IND,0,98,-442,V Sehwag,M Ntini,2,59,69,53.48,6234,76.35,Right-hand bat,53,41,0,17592.5,28.09,52.2,rf,2,IND,seam,no,19.174400000000002,40.745599999999996
2,1071,152,IND,0,104,-436,V Sehwag,M Ntini,2,62,72,53.48,6234,76.35,Right-hand bat,56,44,0,17592.5,28.09,52.2,rf,0,IND,seam,no,19.174400000000002,40.745599999999996
2,1072,153,IND,0,104,-436,V Sehwag,M Ntini,2,62,73,53.48,6234,76.35,Right-hand bat,57,44,0,17592.5,28.09,52.2,rf,0,IND,seam,no,19.174400000000002,40.745599999999996
2,1073,154,IND,0,104,-436,V Sehwag,M Ntini,2,62,74,53.48,6234,76.35,Right-hand bat,58,44,0,17592.5,28.09,52.2,rf,0,IND,seam,no,19.174400000000002,40.745599999999996
2,1074,155,IND,0,104,-436,V Sehwag,M Ntini,2,62,75,53.48,6234,76.35,Right-hand bat,59,44,0,17592.5,28.09,52.2,rf,4,IND,seam,no,19.174400000000002,40.745599999999996
2,1300,381,IND,1,255,-285,V Sehwag,M Ntini,2,169,182,53.48,6234,76.35,Right-hand bat,60,48,0,17592.5,28.09,52.2,rf,0,IND,seam,no,19.174400000000002,40.745599999999996
2,1301,382,IND,1,255,-285,V Sehwag,M Ntini,2,169,183,53.48,6234,76.35,Right-hand bat,61,48,0,17592.5,28.09,52.2,rf,4,IND,seam,no,19.174400000000002,40.745599999999996
2,1302,383,IND,1,259,-281,V Sehwag,M Ntini,2,173,184,53.48,6234,76.35,Right-hand bat,62,52,0,17592.5,28.09,52.2,rf,1,IND,seam,no,19.174400000000002,40.745599999999996
2,1317,398,IND,1,263,-277,V Sehwag,M Ntini,2,175,186,53.48,6234,76.35,Right-hand bat,71,54,0,17592.5,28.09,52.2,rf,4,IND,seam,no,19.174400000000002,40.745599999999996
2,1324,405,IND,1,281,-259,V Sehwag,M Ntini,2,192,191,53.48,6234,76.35,Right-hand bat,72,58,0,17592.5,28.09,52.2,rf,1,IND,seam,no,19.174400000000002,40.745599999999996
2,1326,407,IND,1,283,-257,V Sehwag,M Ntini,2,193,192,53.48,6234,76.35,Right-hand bat,74,60,0,17592.5,28.09,52.2,rf,6,IND,seam,no,19.174400000000002,40.745599999999996
2,1327,408,IND,1,289,-251,V Sehwag,M Ntini,2,199,193,53.48,6234,76.35,Right-hand bat,75,66,0,17592.5,28.09,52.2,rf,3,IND,seam,no,19.174400000000002,40.745599999999996
2,1336,417,IND,1,293,-247,V Sehwag,M Ntini,2,203,196,53.48,6234,76.35,Right-hand bat,78,69,0,17592.5,28.09,52.2,rf,6,IND,seam,no,19.174400000000002,40.745599999999996
2,1337,418,IND,1,299,-241,V Sehwag,M Ntini,2,209,197,53.48,6234,76.35,Right-hand bat,79,75,0,17592.5,28.09,52.2,rf,4,IND,seam,no,19.174400000000002,40.745599999999996
2,1338,419,IND,1,303,-237,V Sehwag,M Ntini,2,213,198,53.48,6234,76.35,Right-hand bat,80,79,0,17592.5,28.09,52.2,rf,1,IND,seam,no,19.174400000000002,40.745599999999996
2,1341,422,IND,1,305,-235,V Sehwag,M Ntini,2,214,199,53.48,6234,76.35,Right-hand bat,83,81,0,17592.5,28.09,52.2,rf,4,IND,seam,no,19.174400000000002,40.745599999999996
2,1500,581,IND,1,426,-114,V Sehwag,M Ntini,2,289,268,53.48,6234,76.35,Right-hand bat,84,85,0,17592.5,28.09,52.2,rf,1,IND,seam,no,19.174400000000002,40.745599999999996
2,1524,605,IND,1,444,-96,V Sehwag,M Ntini,2,298,276,53.48,6234,76.35,Right-hand bat,96,90,0,17592.5,28.09,52.2,rf,1,IND,seam,no,19.174400000000002,40.745599999999996
2,1526,607,IND,1,446,-94,V Sehwag,M Ntini,2,299,277,53.48,6234,76.35,Right-hand bat,98,91,0,17592.5,28.09,52.2,rf,1,IND,seam,no,19.174400000000002,40.745599999999996
2,1536,617,IND,1,454,-86,V Sehwag,M Ntini,2,301,281,53.48,6234,76.35,Right-hand bat,102,96,0,17592.5,28.09,52.2,rf,0,IND,seam,no,19.174400000000002,40.745599999999996
2,1537,618,IND,1,454,-86,V Sehwag,M Ntini,2,301,282,53.48,6234,76.35,Right-hand bat,103,96,0,17592.5,28.09,52.2,rf,0,IND,seam,no,19.174400000000002,40.745599999999996
2,1538,619,IND,1,454,-86,V Sehwag,M Ntini,2,301,283,53.48,6234,76.35,Right-hand bat,104,96,0,17592.5,28.09,52.2,rf,1,IND,seam,no,19.174400000000002,40.745599999999996
2,1541,622,IND,1,456,-84,V Sehwag,M Ntini,2,302,284,53.48,6234,76.35,Right-hand bat,107,98,0,17592.5,28.09,52.2,rf,1,IND,seam,no,19.174400000000002,40.745599999999996
2,1566,647,IND,1,471,-69,V Sehwag,M Ntini,2,311,295,53.48,6234,76.35,Right-hand bat,108,99,0,17592.5,28.09,52.2,rf,1,IND,seam,no,19.174400000000002,40.745599999999996
2,1571,652,IND,1,473,-67,V Sehwag,M Ntini,2,312,296,53.48,6234,76.35,Right-hand bat,113,101,0,17592.5,28.09,52.2,rf,2,IND,seam,no,19.174400000000002,40.745599999999996
2,1590,671,IND,1,477,-63,V Sehwag,M Ntini,2,315,300,53.48,6234,76.35,Right-hand bat,120,103,0,17592.5,28.09,52.2,rf,0,IND,seam,no,19.174400000000002,40.745599999999996
2,1591,672,IND,1,477,-63,V Sehwag,M Ntini,2,315,301,53.48,6234,76.35,Right-hand bat,121,103,0,17592.5,28.09,52.2,rf,0,IND,seam,no,19.174400000000002,40.745599999999996
2,1592,673,IND,1,477,-63,V Sehwag,M Ntini,2,315,302,53.48,6234,76.35,Right-hand bat,122,103,0,17592.5,28.09,52.2,rf,4,IND,seam,no,19.174400000000002,40.745599999999996
2,1593,674,IND,1,481,-59,V Sehwag,M Ntini,2,319,303,53.48,6234,76.35,Right-hand bat,123,107,0,17592.5,28.09,52.2,rf,W,IND,seam,no,19.174400000000002,40.745599999999996
