innings,match_balls,inn_balls,bat_team,team_wkts,team_score,team_lead,batter,bowler,bat_position,bat_score,bat_balls,bat_avg,career_bat_balls,bat_sr,bat_arm,bowl_balls,bowl_runs,bowl_wkts,career_bowl_balls,bowl_avg,bowl_sr,bowl_type,outcome,host_country,bowl_class,bat_win_toss,seam_factor,spin_factor
2,630,159,PAK,2,81,-247,Asad Shafiq,MM Ali,4,19,28,42.85,6094,47.11,Right-hand bat,2,1,0,5088,42.03,66,rob,1,ENG,spin,no,28.477777777777778,10.355555555555556
2,640,169,PAK,2,91,-237,Asad Shafiq,MM Ali,4,20,29,42.85,6094,47.11,Right-hand bat,6,3,0,5088,42.03,66,rob,0,ENG,spin,no,28.477777777777778,10.355555555555556
2,641,170,PAK,2,91,-237,Asad Shafiq,MM Ali,4,20,30,42.85,6094,47.11,Right-hand bat,7,3,0,5088,42.03,66,rob,1nb,ENG,spin,no,28.477777777777778,10.355555555555556
2,642,171,PAK,2,92,-236,Asad Shafiq,MM Ali,4,20,31,42.85,6094,47.11,Right-hand bat,8,4,0,5088,42.03,66,rob,0,ENG,spin,no,28.477777777777778,10.355555555555556
2,643,172,PAK,2,92,-236,Asad Shafiq,MM Ali,4,20,32,42.85,6094,47.11,Right-hand bat,9,4,0,5088,42.03,66,rob,0,ENG,spin,no,28.477777777777778,10.355555555555556
2,644,173,PAK,2,92,-236,Asad Shafiq,MM Ali,4,20,33,42.85,6094,47.11,Right-hand bat,10,4,0,5088,42.03,66,rob,0,ENG,spin,no,28.477777777777778,10.355555555555556
2,645,174,PAK,2,92,-236,Asad Shafiq,MM Ali,4,20,34,42.85,6094,47.11,Right-hand bat,11,4,0,5088,42.03,66,rob,0,ENG,spin,no,28.477777777777778,10.355555555555556
2,646,175,PAK,2,92,-236,Asad Shafiq,MM Ali,4,20,35,42.85,6094,47.11,Right-hand bat,12,4,0,5088,42.03,66,rob,0,ENG,spin,no,28.477777777777778,10.355555555555556
2,697,226,PAK,2,114,-214,Asad Shafiq,MM Ali,4,31,62,42.85,6094,47.11,Right-hand bat,14,5,0,5088,42.03,66,rob,0,ENG,spin,no,28.477777777777778,10.355555555555556
2,698,227,PAK,2,114,-214,Asad Shafiq,MM Ali,4,31,63,42.85,6094,47.11,Right-hand bat,15,5,0,5088,42.03,66,rob,2,ENG,spin,no,28.477777777777778,10.355555555555556
2,699,228,PAK,2,116,-212,Asad Shafiq,MM Ali,4,33,64,42.85,6094,47.11,Right-hand bat,16,7,0,5088,42.03,66,rob,6,ENG,spin,no,28.477777777777778,10.355555555555556
2,700,229,PAK,2,122,-206,Asad Shafiq,MM Ali,4,39,65,42.85,6094,47.11,Right-hand bat,17,13,0,5088,42.03,66,rob,0,ENG,spin,no,28.477777777777778,10.355555555555556
2,701,230,PAK,2,122,-206,Asad Shafiq,MM Ali,4,39,66,42.85,6094,47.11,Right-hand bat,18,13,0,5088,42.03,66,rob,0,ENG,spin,no,28.477777777777778,10.355555555555556
2,708,237,PAK,2,126,-202,Asad Shafiq,MM Ali,4,39,67,42.85,6094,47.11,Right-hand bat,19,13,0,5088,42.03,66,rob,1,ENG,spin,no,28.477777777777778,10.355555555555556
2,720,249,PAK,3,132,-196,Asad Shafiq,MM Ali,4,41,70,42.85,6094,47.11,Right-hand bat,25,18,1,5088,42.03,66,rob,0,ENG,spin,no,28.477777777777778,10.355555555555556
2,721,250,PAK,3,132,-196,Asad Shafiq,MM Ali,4,41,71,42.85,6094,47.11,Right-hand bat,26,18,1,5088,42.03,66,rob,4,ENG,spin,no,28.477777777777778,10.355555555555556
2,722,251,PAK,3,136,-192,Asad Shafiq,MM Ali,4,45,72,42.85,6094,47.11,Right-hand bat,27,22,1,5088,42.03,66,rob,1,ENG,spin,no,28.477777777777778,10.355555555555556
2,725,254,PAK,3,138,-190,Asad Shafiq,MM Ali,4,46,73,42.85,6094,47.11,Right-hand bat,30,24,1,5088,42.03,66,rob,0,ENG,spin,no,28.477777777777778,10.355555555555556
2,732,261,PAK,3,138,-190,Asad Shafiq,MM Ali,4,46,74,42.85,6094,47.11,Right-hand bat,31,24,1,5088,42.03,66,rob,4,ENG,spin,no,28.477777777777778,10.355555555555556
2,733,262,PAK,3,142,-186,Asad Shafiq,MM Ali,4,50,75,42.85,6094,47.11,Right-hand bat,32,28,1,5088,42.03,66,rob,0,ENG,spin,no,28.477777777777778,10.355555555555556
2,734,263,PAK,3,142,-186,Asad Shafiq,MM Ali,4,50,76,42.85,6094,47.11,Right-hand bat,33,28,1,5088,42.03,66,rob,0,ENG,spin,no,28.477777777777778,10.355555555555556
2,735,264,PAK,3,142,-186,Asad Shafiq,MM Ali,4,50,77,42.85,6094,47.11,Right-hand bat,34,28,1,5088,42.03,66,rob,4,ENG,spin,no,28.477777777777778,10.355555555555556
2,736,265,PAK,3,146,-182,Asad Shafiq,MM Ali,4,54,78,42.85,6094,47.11,Right-hand bat,35,32,1,5088,42.03,66,rob,1,ENG,spin,no,28.477777777777778,10.355555555555556
2,810,339,PAK,3,193,-135,Asad Shafiq,MM Ali,4,76,114,42.85,6094,47.11,Right-hand bat,43,34,1,5088,42.03,66,rob,0,ENG,spin,no,28.477777777777778,10.355555555555556
2,811,340,PAK,3,193,-135,Asad Shafiq,MM Ali,4,76,115,42.85,6094,47.11,Right-hand bat,44,34,1,5088,42.03,66,rob,0,ENG,spin,no,28.477777777777778,10.355555555555556
2,812,341,PAK,3,193,-135,Asad Shafiq,MM Ali,4,76,116,42.85,6094,47.11,Right-hand bat,45,34,1,5088,42.03,66,rob,2,ENG,spin,no,28.477777777777778,10.355555555555556
2,813,342,PAK,3,195,-133,Asad Shafiq,MM Ali,4,78,117,42.85,6094,47.11,Right-hand bat,46,36,1,5088,42.03,66,rob,0,ENG,spin,no,28.477777777777778,10.355555555555556
2,814,343,PAK,3,195,-133,Asad Shafiq,MM Ali,4,78,118,42.85,6094,47.11,Right-hand bat,47,36,1,5088,42.03,66,rob,1,ENG,spin,no,28.477777777777778,10.355555555555556
2,822,351,PAK,3,197,-131,Asad Shafiq,MM Ali,4,79,123,42.85,6094,47.11,Right-hand bat,49,37,1,5088,42.03,66,rob,0,ENG,spin,no,28.477777777777778,10.355555555555556
2,823,352,PAK,3,197,-131,Asad Shafiq,MM Ali,4,79,124,42.85,6094,47.11,Right-hand bat,50,37,1,5088,42.03,66,rob,2,ENG,spin,no,28.477777777777778,10.355555555555556
2,824,353,PAK,3,199,-129,Asad Shafiq,MM Ali,4,81,125,42.85,6094,47.11,Right-hand bat,51,39,1,5088,42.03,66,rob,0,ENG,spin,no,28.477777777777778,10.355555555555556
2,825,354,PAK,3,199,-129,Asad Shafiq,MM Ali,4,81,126,42.85,6094,47.11,Right-hand bat,52,39,1,5088,42.03,66,rob,0,ENG,spin,no,28.477777777777778,10.355555555555556
2,826,355,PAK,3,199,-129,Asad Shafiq,MM Ali,4,81,127,42.85,6094,47.11,Right-hand bat,53,39,1,5088,42.03,66,rob,0,ENG,spin,no,28.477777777777778,10.355555555555556
2,827,356,PAK,3,199,-129,Asad Shafiq,MM Ali,4,81,128,42.85,6094,47.11,Right-hand bat,54,39,1,5088,42.03,66,rob,0,ENG,spin,no,28.477777777777778,10.355555555555556
2,846,375,PAK,3,209,-119,Asad Shafiq,MM Ali,4,86,136,42.85,6094,47.11,Right-hand bat,61,43,1,5088,42.03,66,rob,3,ENG,spin,no,28.477777777777778,10.355555555555556
2,848,377,PAK,3,213,-115,Asad Shafiq,MM Ali,4,89,137,42.85,6094,47.11,Right-hand bat,63,47,1,5088,42.03,66,rob,1,ENG,spin,no,28.477777777777778,10.355555555555556
2,851,380,PAK,3,217,-111,Asad Shafiq,MM Ali,4,90,138,42.85,6094,47.11,Right-hand bat,66,51,1,5088,42.03,66,rob,0,ENG,spin,no,28.477777777777778,10.355555555555556
2,861,390,PAK,3,223,-105,Asad Shafiq,MM Ali,4,90,142,42.85,6094,47.11,Right-hand bat,70,56,1,5088,42.03,66,rob,6,ENG,spin,no,28.477777777777778,10.355555555555556
2,862,391,PAK,3,229,-99,Asad Shafiq,MM Ali,4,96,143,42.85,6094,47.11,Right-hand bat,71,62,1,5088,42.03,66,rob,0,ENG,spin,no,28.477777777777778,10.355555555555556
2,863,392,PAK,3,229,-99,Asad Shafiq,MM Ali,4,96,144,42.85,6094,47.11,Right-hand bat,72,62,1,5088,42.03,66,rob,1,ENG,spin,no,28.477777777777778,10.355555555555556
2,884,413,PAK,3,239,-89,Asad Shafiq,MM Ali,4,99,157,42.85,6094,47.11,Right-hand bat,81,70,1,5088,42.03,66,rob,0,ENG,spin,no,28.477777777777778,10.355555555555556
2,885,414,PAK,3,239,-89,Asad Shafiq,MM Ali,4,99,158,42.85,6094,47.11,Right-hand bat,82,70,1,5088,42.03,66,rob,0,ENG,spin,no,28.477777777777778,10.355555555555556
2,886,415,PAK,3,239,-89,Asad Shafiq,MM Ali,4,99,159,42.85,6094,47.11,Right-hand bat,83,70,1,5088,42.03,66,rob,0,ENG,spin,no,28.477777777777778,10.355555555555556
2,887,416,PAK,3,239,-89,Asad Shafiq,MM Ali,4,99,160,42.85,6094,47.11,Right-hand bat,84,70,1,5088,42.03,66,rob,0,ENG,spin,no,28.477777777777778,10.355555555555556
2,894,423,PAK,3,249,-79,Asad Shafiq,MM Ali,4,99,161,42.85,6094,47.11,Right-hand bat,85,70,1,5088,42.03,66,rob,0,ENG,spin,no,28.477777777777778,10.355555555555556
2,895,424,PAK,3,249,-79,Asad Shafiq,MM Ali,4,99,162,42.85,6094,47.11,Right-hand bat,86,70,1,5088,42.03,66,rob,0,ENG,spin,no,28.477777777777778,10.355555555555556
2,896,425,PAK,3,249,-79,Asad Shafiq,MM Ali,4,99,163,42.85,6094,47.11,Right-hand bat,87,70,1,5088,42.03,66,rob,1,ENG,spin,no,28.477777777777778,10.355555555555556
2,898,427,PAK,3,251,-77,Asad Shafiq,MM Ali,4,100,164,42.85,6094,47.11,Right-hand bat,89,72,1,5088,42.03,66,rob,1,ENG,spin,no,28.477777777777778,10.355555555555556
2,907,436,PAK,3,256,-72,Asad Shafiq,MM Ali,4,102,166,42.85,6094,47.11,Right-hand bat,91,74,1,5088,42.03,66,rob,1,ENG,spin,no,28.477777777777778,10.355555555555556
2,910,439,PAK,3,262,-66,Asad Shafiq,MM Ali,4,103,167,42.85,6094,47.11,Right-hand bat,94,80,1,5088,42.03,66,rob,2,ENG,spin,no,28.477777777777778,10.355555555555556
2,911,440,PAK,3,264,-64,Asad Shafiq,MM Ali,4,105,168,42.85,6094,47.11,Right-hand bat,95,82,1,5088,42.03,66,rob,1,ENG,spin,no,28.477777777777778,10.355555555555556
