innings,match_balls,inn_balls,bat_team,team_wkts,team_score,team_lead,batter,bowler,bat_position,bat_score,bat_balls,bat_avg,career_bat_balls,bat_sr,bat_arm,bowl_balls,bowl_runs,bowl_wkts,career_bowl_balls,bowl_avg,bowl_sr,bowl_type,outcome,host_country,bowl_class,bat_win_toss,seam_factor,spin_factor
3,1116,351,RSA,3,307,369,AB de Villiers,NM Lyon,5,9,22,49.11,10858,54.28,Right-hand bat,43,39,0,3480.5,30.64,64.5,rob,3,AUS,spin,yes,24.780625,7.194375000000001
3,1128,363,RSA,3,311,373,AB de Villiers,NM Lyon,5,12,29,49.11,10858,54.28,Right-hand bat,49,43,0,3480.5,30.64,64.5,rob,0,AUS,spin,yes,24.780625,7.194375000000001
3,1129,364,RSA,3,311,373,AB de Villiers,NM Lyon,5,12,30,49.11,10858,54.28,Right-hand bat,50,43,0,3480.5,30.64,64.5,rob,0,AUS,spin,yes,24.780625,7.194375000000001
3,1130,365,RSA,3,311,373,AB de Villiers,NM Lyon,5,12,31,49.11,10858,54.28,Right-hand bat,51,43,0,3480.5,30.64,64.5,rob,0,AUS,spin,yes,24.780625,7.194375000000001
3,1131,366,RSA,3,311,373,AB de Villiers,NM Lyon,5,12,32,49.11,10858,54.28,Right-hand bat,52,43,0,3480.5,30.64,64.5,rob,4,AUS,spin,yes,24.780625,7.194375000000001
3,1132,367,RSA,3,315,377,AB de Villiers,NM Lyon,5,16,33,49.11,10858,54.28,Right-hand bat,53,47,0,3480.5,30.64,64.5,rob,0,AUS,spin,yes,24.780625,7.194375000000001
3,1142,377,RSA,3,317,379,AB de Villiers,NM Lyon,5,16,38,49.11,10858,54.28,Right-hand bat,57,48,0,3480.5,30.64,64.5,rob,0,AUS,spin,yes,24.780625,7.194375000000001
3,1143,378,RSA,3,317,379,AB de Villiers,NM Lyon,5,16,39,49.11,10858,54.28,Right-hand bat,58,48,0,3480.5,30.64,64.5,rob,0,AUS,spin,yes,24.780625,7.194375000000001
3,1144,379,RSA,3,317,379,AB de Villiers,NM Lyon,5,16,40,49.11,10858,54.28,Right-hand bat,59,48,0,3480.5,30.64,64.5,rob,0,AUS,spin,yes,24.780625,7.194375000000001
3,1151,386,RSA,3,319,381,AB de Villiers,NM Lyon,5,17,43,49.11,10858,54.28,Right-hand bat,60,48,0,3480.5,30.64,64.5,rob,0,AUS,spin,yes,24.780625,7.194375000000001
3,1152,387,RSA,3,319,381,AB de Villiers,NM Lyon,5,17,44,49.11,10858,54.28,Right-hand bat,61,48,0,3480.5,30.64,64.5,rob,1,AUS,spin,yes,24.780625,7.194375000000001
3,1166,401,RSA,3,321,383,AB de Villiers,NM Lyon,5,18,51,49.11,10858,54.28,Right-hand bat,69,50,0,3480.5,30.64,64.5,rob,0,AUS,spin,yes,24.780625,7.194375000000001
3,1167,402,RSA,3,321,383,AB de Villiers,NM Lyon,5,18,52,49.11,10858,54.28,Right-hand bat,70,50,0,3480.5,30.64,64.5,rob,0,AUS,spin,yes,24.780625,7.194375000000001
3,1168,403,RSA,3,321,383,AB de Villiers,NM Lyon,5,18,53,49.11,10858,54.28,Right-hand bat,71,50,0,3480.5,30.64,64.5,rob,4,AUS,spin,yes,24.780625,7.194375000000001
3,1178,413,RSA,3,331,393,AB de Villiers,NM Lyon,5,22,59,49.11,10858,54.28,Right-hand bat,75,59,0,3480.5,30.64,64.5,rob,0,AUS,spin,yes,24.780625,7.194375000000001
3,1179,414,RSA,3,331,393,AB de Villiers,NM Lyon,5,22,60,49.11,10858,54.28,Right-hand bat,76,59,0,3480.5,30.64,64.5,rob,0,AUS,spin,yes,24.780625,7.194375000000001
3,1180,415,RSA,3,331,393,AB de Villiers,NM Lyon,5,22,61,49.11,10858,54.28,Right-hand bat,77,59,0,3480.5,30.64,64.5,rob,0,AUS,spin,yes,24.780625,7.194375000000001
3,1189,424,RSA,3,339,401,AB de Villiers,NM Lyon,5,28,66,49.11,10858,54.28,Right-hand bat,80,60,0,3480.5,30.64,64.5,rob,0,AUS,spin,yes,24.780625,7.194375000000001
3,1190,425,RSA,3,339,401,AB de Villiers,NM Lyon,5,28,67,49.11,10858,54.28,Right-hand bat,81,60,0,3480.5,30.64,64.5,rob,0,AUS,spin,yes,24.780625,7.194375000000001
3,1191,426,RSA,3,339,401,AB de Villiers,NM Lyon,5,28,68,49.11,10858,54.28,Right-hand bat,82,60,0,3480.5,30.64,64.5,rob,0,AUS,spin,yes,24.780625,7.194375000000001
3,1192,427,RSA,3,339,401,AB de Villiers,NM Lyon,5,28,69,49.11,10858,54.28,Right-hand bat,83,60,0,3480.5,30.64,64.5,rob,0,AUS,spin,yes,24.780625,7.194375000000001
3,1199,434,RSA,3,341,403,AB de Villiers,NM Lyon,5,29,74,49.11,10858,54.28,Right-hand bat,84,60,0,3480.5,30.64,64.5,rob,0,AUS,spin,yes,24.780625,7.194375000000001
3,1200,435,RSA,3,341,403,AB de Villiers,NM Lyon,5,29,75,49.11,10858,54.28,Right-hand bat,85,60,0,3480.5,30.64,64.5,rob,6,AUS,spin,yes,24.780625,7.194375000000001
3,1201,436,RSA,3,347,409,AB de Villiers,NM Lyon,5,35,76,49.11,10858,54.28,Right-hand bat,86,66,0,3480.5,30.64,64.5,rob,4,AUS,spin,yes,24.780625,7.194375000000001
3,1202,437,RSA,3,351,413,AB de Villiers,NM Lyon,5,39,77,49.11,10858,54.28,Right-hand bat,87,70,0,3480.5,30.64,64.5,rob,0,AUS,spin,yes,24.780625,7.194375000000001
3,1203,438,RSA,3,351,413,AB de Villiers,NM Lyon,5,39,78,49.11,10858,54.28,Right-hand bat,88,70,0,3480.5,30.64,64.5,rob,0,AUS,spin,yes,24.780625,7.194375000000001
3,1204,439,RSA,3,351,413,AB de Villiers,NM Lyon,5,39,79,49.11,10858,54.28,Right-hand bat,89,70,0,3480.5,30.64,64.5,rob,0,AUS,spin,yes,24.780625,7.194375000000001
3,1301,536,RSA,5,436,498,AB de Villiers,NM Lyon,5,87,123,49.11,10858,54.28,Right-hand bat,90,70,0,3480.5,30.64,64.5,rob,1,AUS,spin,yes,24.780625,7.194375000000001
3,1313,548,RSA,5,438,500,AB de Villiers,NM Lyon,5,89,128,49.11,10858,54.28,Right-hand bat,96,71,0,3480.5,30.64,64.5,rob,4,AUS,spin,yes,24.780625,7.194375000000001
3,1314,549,RSA,5,442,504,AB de Villiers,NM Lyon,5,93,129,49.11,10858,54.28,Right-hand bat,97,75,0,3480.5,30.64,64.5,rob,4,AUS,spin,yes,24.780625,7.194375000000001
3,1315,550,RSA,5,446,508,AB de Villiers,NM Lyon,5,97,130,49.11,10858,54.28,Right-hand bat,98,79,0,3480.5,30.64,64.5,rob,4,AUS,spin,yes,24.780625,7.194375000000001
3,1316,551,RSA,5,450,512,AB de Villiers,NM Lyon,5,101,131,49.11,10858,54.28,Right-hand bat,99,83,0,3480.5,30.64,64.5,rob,1,AUS,spin,yes,24.780625,7.194375000000001
3,1337,572,RSA,5,462,524,AB de Villiers,NM Lyon,5,111,139,49.11,10858,54.28,Right-hand bat,108,84,0,3480.5,30.64,64.5,rob,0,AUS,spin,yes,24.780625,7.194375000000001
3,1338,573,RSA,5,462,524,AB de Villiers,NM Lyon,5,111,140,49.11,10858,54.28,Right-hand bat,109,84,0,3480.5,30.64,64.5,rob,0,AUS,spin,yes,24.780625,7.194375000000001
3,1339,574,RSA,5,462,524,AB de Villiers,NM Lyon,5,111,141,49.11,10858,54.28,Right-hand bat,110,84,0,3480.5,30.64,64.5,rob,0,AUS,spin,yes,24.780625,7.194375000000001
3,1340,575,RSA,5,462,524,AB de Villiers,NM Lyon,5,111,142,49.11,10858,54.28,Right-hand bat,111,84,0,3480.5,30.64,64.5,rob,0,AUS,spin,yes,24.780625,7.194375000000001
3,1341,576,RSA,5,462,524,AB de Villiers,NM Lyon,5,111,143,49.11,10858,54.28,Right-hand bat,112,84,0,3480.5,30.64,64.5,rob,4,AUS,spin,yes,24.780625,7.194375000000001
3,1342,577,RSA,5,466,528,AB de Villiers,NM Lyon,5,115,144,49.11,10858,54.28,Right-hand bat,113,88,0,3480.5,30.64,64.5,rob,1,AUS,spin,yes,24.780625,7.194375000000001
3,1349,584,RSA,5,472,534,AB de Villiers,NM Lyon,5,119,148,49.11,10858,54.28,Right-hand bat,114,89,0,3480.5,30.64,64.5,rob,1,AUS,spin,yes,24.780625,7.194375000000001
3,1351,586,RSA,5,474,536,AB de Villiers,NM Lyon,5,120,149,49.11,10858,54.28,Right-hand bat,116,91,0,3480.5,30.64,64.5,rob,2,AUS,spin,yes,24.780625,7.194375000000001
3,1352,587,RSA,5,476,538,AB de Villiers,NM Lyon,5,122,150,49.11,10858,54.28,Right-hand bat,117,93,0,3480.5,30.64,64.5,rob,2,AUS,spin,yes,24.780625,7.194375000000001
3,1353,588,RSA,5,478,540,AB de Villiers,NM Lyon,5,124,151,49.11,10858,54.28,Right-hand bat,118,95,0,3480.5,30.64,64.5,rob,2,AUS,spin,yes,24.780625,7.194375000000001
3,1354,589,RSA,5,480,542,AB de Villiers,NM Lyon,5,126,152,49.11,10858,54.28,Right-hand bat,119,97,0,3480.5,30.64,64.5,rob,4,AUS,spin,yes,24.780625,7.194375000000001
3,1362,597,RSA,5,496,558,AB de Villiers,NM Lyon,5,136,156,49.11,10858,54.28,Right-hand bat,121,102,0,3480.5,30.64,64.5,rob,1,AUS,spin,yes,24.780625,7.194375000000001
3,1364,599,RSA,5,498,560,AB de Villiers,NM Lyon,5,137,157,49.11,10858,54.28,Right-hand bat,123,104,0,3480.5,30.64,64.5,rob,6,AUS,spin,yes,24.780625,7.194375000000001
3,1365,600,RSA,5,504,566,AB de Villiers,NM Lyon,5,143,158,49.11,10858,54.28,Right-hand bat,124,110,0,3480.5,30.64,64.5,rob,1,AUS,spin,yes,24.780625,7.194375000000001
3,1373,608,RSA,5,518,580,AB de Villiers,NM Lyon,5,145,160,49.11,10858,54.28,Right-hand bat,126,111,0,3480.5,30.64,64.5,rob,4,AUS,spin,yes,24.780625,7.194375000000001
3,1374,609,RSA,5,522,584,AB de Villiers,NM Lyon,5,149,161,49.11,10858,54.28,Right-hand bat,127,115,0,3480.5,30.64,64.5,rob,1,AUS,spin,yes,24.780625,7.194375000000001
3,1376,611,RSA,5,526,588,AB de Villiers,NM Lyon,5,150,162,49.11,10858,54.28,Right-hand bat,129,119,0,3480.5,30.64,64.5,rob,2,AUS,spin,yes,24.780625,7.194375000000001
3,1377,612,RSA,5,528,590,AB de Villiers,NM Lyon,5,152,163,49.11,10858,54.28,Right-hand bat,130,121,0,3480.5,30.64,64.5,rob,6,AUS,spin,yes,24.780625,7.194375000000001
3,1378,613,RSA,5,534,596,AB de Villiers,NM Lyon,5,158,164,49.11,10858,54.28,Right-hand bat,131,127,0,3480.5,30.64,64.5,rob,1,AUS,spin,yes,24.780625,7.194375000000001
